0.000000 0.500000
4.549496 -2.057451 -0.890335 0.500000
0.200293 0.275689
4.549496 -2.057451 -0.890335 0.500000
0.457021 0.097644
-6.308183 12.829104 -7.693800 1.536442
0.699936 0.273272
-3.175002 6.250026 -3.088867 0.462056
1.007984 0.447093
8.299363 -28.447891 31.886066 -11.289331
1.374108 0.344172
-14.923574 67.286296 -99.674236 48.979194
1.607123 0.633476
2.515387 -16.791055 35.445227 -23.403926
1.819471 0.652239
5.987576 -35.762471 70.005874 -44.395706
2.151176 0.310810
-2.434265 18.635539 -47.128390 39.687588
2.496829 0.302057
-3.019557 23.028380 -58.111275 48.834757
2.748643 0.383468
2.991573 -26.575360 78.331217 -76.266530
3.085696 0.295929
-6.294970 59.418670 -187.109628 196.852788
3.292801 0.242180
4.627878 -48.468966 168.099975 -192.976968
3.672848 -0.115558
-0.737133 10.623921 -48.858925 72.543183
4.039302 -0.054143
-2.509346 32.140833 -135.938484 190.012563
4.281637 0.226957
1.317296 -17.054805 74.880898 -111.128241
4.551518 0.589480
-6.569843 90.653650 -415.418677 632.840362
4.811731 0.927003
7.495490 -112.359737 561.319053 -933.585645
5.039570 0.948476
0.033874 0.430032 -6.991486 20.925367
5.421332 1.058574
-1.945772 32.682412 -182.137238 337.955826
5.781207 1.340919
2.536214 -45.125710 268.111141 -530.508805
6.146281 1.549043
-10.848854 201.711295 -1249.210599 2578.506180
6.375298 1.697375
11.389366 -223.645438 1462.754305 -3185.073102
6.713205 1.433903
-9.332398 193.703757 -1339.127264 3085.067811
7.041383 1.679601
9.281566 -199.500069 1429.556082 -3413.318615
7.266195 1.749342
-7.408889 164.325340 -1214.038355 2989.535063
7.640858 1.938350
13.773462 -321.210511 2495.716399 -6458.594849
7.889029 1.678100
-9.240282 223.457743 -1801.187034 4840.869836
8.158214 1.651134
12.417562 -306.610232 2523.220974 -6918.945564
8.367449 1.614255
-7.963244 204.995821 -1757.616563 5020.950966
8.643068 1.930610
-7.963244 204.995821 -1757.616563 5020.950966
8.998627 1.862651
